Protocol,Port
TCP,9779